10000000000000000000000000000000000001
01000000000000000000000000000000000010
00100000000000000000000000000000000100
00010000000000000000000000000000001000
00001000000000001111110000000000010000
00000100000000110000001100000000100000
00000010000011000000000011000001000000
00000001001100000000000000110010000000
00000000110000000000000000001100000000
00000000110000000000000000001100000000
00000001001000000000000000010010000000
00000001000100000111100000100010000000
00000010000010011000011001000001000000
00000010000001100000000110000001000000
00000100000001100000000110000000100000
00000100000010010000001001000000100000
00001000000010001000010001000000010000
00001000000100000100100000100000010000
00001000000100000011000000100000010000
00001000000100000011000000100000010000
00001000000100000100100000100000010000
00001000000010001000010001000000010000
00000100000010010000001001000000100000
00000100000001100000000110000000100000
00000010000001100000000110000001000000
00000010000010011000011001000001000000
00000001000100000111100000100010000000
00000001001000000000000000010010000000
00000000110000000000000000001100000000
00000000110000000000000000001100000000
00000001001100000000000000110010000000
00000010000011000000000011000001000000
00000100000000110000001100000000100000
00001000000000001111110000000000010000
00010000000000000000000000000000001000
00100000000000000000000000000000000100
01000000000000000000000000000000000010
10000000000000000000000000000000000001
